[[0.24831688404083252], [0.5112665891647339], [0.016339540481567383], [-0.09912276268005371]]
[[0.24831688404083252], [0.5112665891647339], [0.016339540481567383], [-0.09912276268005371]]
[[0.40386682748794556], [0.31380218267440796], [-0.3568475544452667], [-0.21301054954528809]]
[[0.5160451531410217], [0.1755174845457077], [-0.5005038380622864], [-0.15952694416046143]]
[[0.7234975099563599], [0.14054496586322784], [-0.726481020450592], [-0.13524724543094635]]
[[0.8426520228385925], [0.11449756473302841], [-0.8716433048248291], [-0.12277035415172577]]
[[0.8651008009910583], [0.0666445642709732], [-0.9030169248580933], [-0.08058644831180573]]
[[0.8642846345901489], [-0.008733208291232586], [-0.9444957375526428], [-0.03454282134771347]]
[[0.9071584939956665], [-0.032835450023412704], [-0.9583044052124023], [0.021249227225780487]]
[[0.9181263446807861], [-0.06475301086902618], [-0.9594296813011169], [0.056116316467523575]]
[[0.8839499950408936], [-0.11299271881580353], [-0.9254029393196106], [0.10238287597894669]]
